-0.0334571  -0.132929   -3.80197   0.472291   0.278747  -0.332008
0.000909573 -0.00069473   0.0585301   0.0552109   -0.143858   -0.024546

-0.0699382  -0.116292   -3.78117   0.398834   0.246573  -0.334026
0.000856192 -0.00115726   0.0589583   0.0534055    -0.14062  -0.0218519

-0.0783503  -0.101697   -3.78014   0.387314   0.239539  -0.323521
0.000786657 -0.00135601   0.0591439   0.0522166   -0.139783  -0.0214283

-0.0771953  -0.101095   -3.77483   0.383699   0.228348  -0.315253
0.000829275 -0.00137265   0.0592201   0.0514704   -0.139373  -0.0211848
